10,114
10,30
10,178
10,100
10,10
10,148
11,16
8,7
8,16
69,3
69,2
69,1
69,0
25,3
25,1
20,3
20,2
20,1
19,3
19,2
19,1
12,3
12,2
12,1
11,29
11,28
11,23
11,22
11,20
11,15
11,14
11,12
11,10
11,8
11,7
11,6
11,5
11,4
11,3
11,2
11,1
10,295
10,282
10,276
10,274
10,258
10,252
10,226
10,224
10,222
10,185
10,184
10,177
10,168
10,160
10,130
10,125
10,121
10,106
10,103
10,94
10,91
10,81
10,64
10,34
10,3
10,2
10,1
9,7
9,6
9,5
9,4
9,3
9,2
9,1
8,15
8,14
8,11
8,10
8,9
8,8
8,6
8,5
8,4
8,3
8,2
8,1
3,3
3,2
3,1
0,472
0,278
0,9
18,1
18,3
14,1
14,3
13,1
13,3
2,2
2,1
2,3
0,0
71,34
71,33
71,32
71,31
71,30
